610
34,935850 179,042800 -35,763450
35,798100 -26,603500 -32,222700
33,278700 179,042800 35,763450
21,147850 -26,603500 50,091850
-34,937800 179,042800 -35,763450
-35,831050 -26,603500 -32,222700
-33,288550 179,042800 35,763450
-21,217700 -26,603500 50,091850
31,100750 -148,843400 -25,309300
17,375850 -148,843350 50,127600
-31,148450 -148,843350 -25,309300
-17,455100 -148,843350 50,127600
48,229900 217,582850 -48,229950
48,229950 217,582850 48,229900
-48,229900 217,582850 -48,229950
-48,229950 217,582850 48,229950
56,178650 246,309900 -56,178650
56,178650 246,309900 56,178650
-56,178650 246,309900 -56,178650
-56,178650 246,309900 56,178650
31,895550 320,688250 -31,895550
31,895550 320,688250 31,895550
-31,895550 320,688300 -31,895550
-31,895550 320,688300 31,895550
-72,943500 -44,074100 6,786750
-54,465650 -44,074100 117,304650
54,920200 -44,074100 117,304650
73,374400 -44,074100 6,786750
-72,943500 -168,608450 6,786750
-54,465650 -168,608450 117,304650
54,920200 -168,608450 117,304650
73,374400 -168,608450 6,786750
-152,175950 -55,934950 29,721800
-146,485200 -55,934950 119,187900
-152,175950 -156,747600 29,721800
-146,485200 -156,747600 119,187900
149,069050 -55,934950 119,187900
154,747950 -55,934950 29,721800
149,069050 -156,747600 119,187900
154,747950 -156,747600 29,721800
-39,025850 -7,904450 -10,711250
-36,378900 -2,770850 11,664600
-30,384900 -7,904450 32,867500
19,177900 -24,274650 -43,600750
-0,003450 -23,506400 -46,487400
-19,190350 -24,274650 -43,600750
32,869300 138,280550 -34,338900
31,861400 86,342300 -33,479850
32,423350 30,198600 -32,856300
-23,297250 30,198600 39,271050
-26,223250 86,342300 35,320550
-29,642150 138,280550 34,568950
29,623050 138,280550 34,568950
26,191350 86,342300 35,320550
23,249100 30,198600 39,271050
-32,873350 138,280550 -34,338900
-31,869550 86,342300 -33,479850
-32,439300 30,198600 -32,856300
18,080250 179,042800 45,821900
-0,005650 179,042800 49,174700
-18,091250 179,042800 45,821900
44,270150 179,042800 -19,558150
46,898600 179,042800 -0,000000
43,131400 179,042800 19,558150
-10,635600 -24,274650 50,245600
-0,030650 -23,506400 50,168750
10,572600 -24,274650 50,245600
-43,139500 179,042800 19,558150
-46,904550 179,042800 0,000000
-44,273900 179,042800 -19,558150
-19,222750 179,042800 -45,821900
-0,000250 179,042800 -49,174700
19,221900 179,042800 -45,821900
30,320750 -7,904450 32,867500
36,322650 -2,770850 11,664600
38,979550 -7,904450 -10,711250
-44,401400 217,668300 44,440050
-40,657550 214,668000 40,966900
-36,964550 203,490050 38,008600
36,960350 203,490100 38,008600
40,656300 214,668000 40,966900
44,401250 217,668300 44,440050
44,427100 217,668300 -44,440050
40,863450 214,668000 -40,966900
37,659500 203,490100 -38,008600
-37,660300 203,490050 -38,008600
-40,863700 214,668000 -40,966900
-44,427150 217,668350 -44,440050
-28,046050 -160,797100 -8,218150
-24,301800 -164,781650 12,409150
-20,557500 -160,797100 33,036400
16,853150 -146,063900 -29,822850
-0,010400 -145,137400 -31,327350
-16,880650 -146,063900 -29,822850
-9,471700 -146,063900 40,680850
-0,032100 -145,137450 37,531900
9,403750 -146,063900 40,680800
20,485400 -160,797100 33,036400
24,238300 -164,781650 12,409150
27,991200 -160,797100 -8,218150
34,893950 -69,762900 -39,436750
34,219800 -102,508150 -40,525250
33,099050 -129,105450 -36,051550
-33,142050 -129,105450 -36,051550
-34,259750 -102,508150 -40,525250
-34,931150 -69,762900 -39,436750
-16,643700 -69,762900 61,686050
-15,192000 -102,508150 64,599000
-15,567550 -129,105450 60,776800
15,483900 -129,105450 60,776800
15,107550 -102,508150 64,598950
16,562800 -69,762900 61,686050
59,003550 -48,073000 -0,575550
50,105800 -50,123500 -9,985550
43,821500 -45,992000 -20,542250
-25,240650 -45,992000 65,315450
-29,918150 -50,123500 83,695850
-38,747100 -48,073000 102,082300
41,117400 -153,321400 -18,037550
49,264700 -158,725900 -9,261300
58,898450 -164,130400 -0,485000
-58,899600 -48,073000 -0,575550
-50,145800 -50,123500 -9,985550
-43,886300 -45,992000 -20,542250
38,864950 -48,073000 102,082300
29,876400 -50,123500 83,695850
25,155950 -45,992000 65,315450
23,197600 -153,321400 65,347400
29,275650 -158,725900 83,716100
38,789850 -164,130400 102,084850
-58,794650 -164,130400 -0,485000
-49,306350 -158,725900 -9,261300
-41,187900 -153,321400 -18,037550
-23,285450 -153,321400 65,347400
-29,318250 -158,725900 83,716100
-38,672100 -164,130400 102,084850
26,375750 217,582850 61,794600
0,000000 217,582850 66,316150
-26,375750 217,582850 61,794600
61,794600 217,582850 -26,375750
66,316150 217,582850 -0,000000
61,794600 217,582850 26,375750
-61,794600 217,582850 26,375750
-66,316150 217,582850 0,000000
-61,794600 217,582850 -26,375750
-26,375750 217,582850 -61,794600
-0,000000 217,582850 -66,316150
26,375750 217,582850 -61,794600
30,722700 246,309900 71,978900
0,000000 246,309900 77,245600
-30,722700 246,309900 71,978900
71,978900 246,309900 -30,722700
77,245650 246,309900 -0,000000
71,978900 246,309900 30,722700
-71,978900 246,309950 30,722700
-77,245650 246,309900 -0,000000
-71,978900 246,309900 -30,722700
-30,722700 246,309900 -71,978900
-0,000000 246,309900 -77,245650
30,722700 246,309900 -71,978900
-52,038050 218,848500 -52,038050
-55,165250 223,283000 -55,165250
-56,811900 232,049200 -56,811900
56,811900 232,049200 -56,811900
55,165250 223,283000 -55,165250
52,038050 218,848500 -52,038050
52,038100 218,848550 52,038100
55,165250 223,283000 55,165250
56,811900 232,049200 56,811900
-56,811950 232,049200 56,811950
-55,165250 223,283000 55,165250
-52,038050 218,848500 52,038050
18,713800 325,167900 35,483750
0,000000 327,418050 37,202250
-18,713800 325,167900 35,483750
35,483750 325,167900 -18,713800
37,202250 327,418100 0,000000
35,483750 325,167900 18,713800
-35,483750 325,167900 18,713800
-37,202250 327,418100 0,000000
-35,483750 325,167850 -18,713800
-18,713800 325,167900 -35,483750
-0,000000 327,418050 -37,202250
18,713800 325,167850 -35,483750
-52,693550 266,271100 52,693550
-46,695400 288,310750 46,695400
-38,954950 307,989950 38,954950
-38,954950 307,989950 -38,954950
-46,695400 288,307000 -46,695400
-52,693550 266,271150 -52,693550
52,693550 266,271150 52,693550
46,695400 288,310750 46,695400
38,954950 307,989950 38,954950
38,954950 307,989900 -38,954950
46,695400 288,310750 -46,695400
52,693550 266,271150 -52,693550
-68,757100 -26,561450 31,825950
-63,704550 -20,723900 62,045700
-58,652050 -26,561450 92,265450
59,101250 -26,561450 92,265450
64,147300 -20,723900 62,045700
69,193350 -26,561450 31,825950
-68,757100 -186,121050 31,825950
-63,704550 -191,958650 62,045700
-58,652050 -186,121050 92,265450
59,101250 -186,121100 92,265450
64,147300 -191,958600 62,045700
69,193350 -186,121100 31,825950
75,969500 -72,288900 -8,754800
76,834550 -106,341250 -13,935350
75,969500 -140,393650 -8,754800
-75,541950 -140,393600 -8,754800
-76,408100 -106,341250 -13,935350
-75,541950 -72,288900 -8,754800
-51,867200 -72,288900 132,846200
-51,001050 -106,341250 138,026750
-51,867200 -140,393600 132,846200
52,325100 -140,393600 132,846250
51,460050 -106,341250 138,026750
52,325100 -72,288900 132,846250
-156,244350 -48,582400 47,914750
-157,290500 -44,889100 74,454850
-153,013650 -48,582400 100,994950
-156,244350 -164,100150 47,914750
-157,290500 -167,793450 74,454850
-153,013700 -164,100150 100,994950
-157,520100 -136,247350 23,196800
-160,175400 -106,341250 19,919200
-157,520100 -76,435200 23,196800
-151,737950 -76,435200 125,712900
-154,405600 -106,341250 128,990500
-151,737950 -136,247350 125,712900
-78,277900 -41,577200 126,694550
-105,529900 -42,628650 129,445400
-130,299700 -48,299850 125,769800
-130,299700 -164,382700 125,769800
-105,529900 -177,053900 129,445400
-78,277900 -171,105350 126,694550
-138,395950 -164,382700 22,752150
-117,126650 -170,053900 16,362000
-93,636250 -171,105350 11,744900
-93,636250 -41,577200 11,744900
-117,126600 -42,628650 16,362000
-138,395950 -48,299850 22,752150
155,730200 -48,582400 100,994950
160,071600 -44,889100 74,454850
158,954150 -48,582400 47,914750
155,730200 -164,100150 100,994950
160,071600 -167,793450 74,454850
158,954150 -164,100150 47,914750
160,227250 -76,435200 23,196800
162,950500 -106,341250 19,919200
160,227250 -136,247350 23,196800
154,457150 -136,247350 125,712900
157,192700 -106,341250 128,990500
154,457100 -76,435200 125,712900
94,605050 -41,577200 11,744900
118,729800 -42,628650 16,362000
140,583950 -48,299850 22,752150
140,583950 -164,382700 22,752150
118,729800 -170,053900 16,362000
94,605050 -171,105350 11,744900
79,272450 -171,105350 126,694550
107,155300 -170,053900 129,445400
132,504350 -164,382700 125,769800
132,504350 -48,299850 125,769800
107,155300 -42,628650 129,445400
79,272450 -41,577200 126,694550
12,168550 29,302300 46,345900
13,957550 85,997350 44,198550
15,972100 138,237400 44,159500
-0,024500 29,598600 48,119550
-0,017450 86,061700 46,963450
-0,010850 138,245450 47,332050
-12,217750 29,302300 46,345900
-13,991850 85,997350 44,198550
-15,993200 138,237400 44,159500
-32,058800 34,827250 24,285850
-35,118700 87,497950 20,159550
-38,917050 138,425000 19,010350
-37,407150 37,374450 4,699950
-39,683850 88,244350 1,365000
-42,945850 138,518300 0,170650
-38,234850 34,827250 -15,657450
-39,002200 87,497950 -17,680300
-41,139600 138,425000 -18,700450
-19,121300 -67,640250 -45,079850
-0,004400 -67,043950 -47,064350
19,105750 -67,640250 -45,079850
-18,643400 -101,415200 -44,583750
-0,005450 -101,046200 -45,989450
18,625300 -101,415200 -44,583750
-17,969250 -127,448850 -39,930100
-0,007250 -126,896050 -41,229550
17,947650 -127,448800 -39,930100
38,209150 34,827250 -15,657450
38,988000 87,497950 -17,680300
41,132050 138,425000 -18,700450
37,372100 37,374450 4,699950
39,662950 88,244350 1,365000
42,934150 138,518300 0,170600
32,015750 34,827250 24,285850
35,091500 87,497950 20,159550
38,901300 138,425000 19,010350
-18,374150 29,302300 -42,952600
-17,866650 85,997350 -43,141200
-18,210200 138,237400 -44,027350
-0,002250 29,598600 -46,087550
-0,001150 86,061650 -46,301650
-0,000500 138,245500 -47,249300
18,364000 29,302300 -42,952600
17,862750 85,997350 -43,141200
18,208400 138,237400 -44,027350
47,563500 203,490050 20,785950
51,301600 203,490050 -0,000000
48,043900 203,490050 -20,785950
52,152500 214,668000 22,403750
56,044950 214,668000 0,000000
52,294850 214,668000 -22,403750
56,896800 217,668350 24,303150
61,069500 217,668350 0,000000
56,914600 217,668300 -24,303150
-48,045500 203,490050 -20,785950
-51,304100 203,490050 0,000000
-47,566900 203,490050 20,785950
-52,295350 214,668000 -22,403750
-56,045700 214,667950 0,000000
-52,153500 214,668000 22,403750
-56,914650 217,668350 -24,303150
-61,069600 217,668350 0,000000
-56,896900 217,668300 24,303150
-20,167100 203,490050 48,698550
-0,002400 203,490050 52,261850
20,162500 203,490050 48,698550
-22,220400 214,668000 52,488800
-0,000700 214,668000 56,329500
22,219050 214,668000 52,488850
-24,280250 217,668350 56,938800
-0,000100 217,668350 61,105100
24,280050 217,668350 56,938800
20,644100 203,490050 -48,698550
-0,000100 203,490050 -52,261850
-20,644500 203,490050 -48,698550
22,361750 214,668000 -52,488850
-0,000050 214,668000 -56,329500
-22,361850 214,668000 -52,488850
24,297900 217,668350 -56,938850
-0,000000 217,668350 -61,105100
-24,297900 217,668300 -56,938850
-15,202100 -157,235900 -13,849350
-0,015300 -156,048800 -15,726400
15,165400 -157,235900 -13,849350
-13,176200 -160,959900 5,429000
-0,021250 -159,685950 3,102300
13,128450 -160,959900 5,429000
-11,150300 -157,235900 24,707350
-0,027200 -156,048800 21,931000
11,091500 -157,235900 24,707350
9,022700 -67,640250 54,088000
-0,034550 -67,043950 52,069400
-9,094350 -67,640250 54,088000
8,216750 -101,415200 54,883300
-0,036000 -101,046200 51,821750
-8,291750 -101,415200 54,883300
8,382400 -127,448850 50,718300
-0,035150 -126,896000 47,387550
-8,456000 -127,448800 50,718300
43,686400 -131,760800 -29,834050
44,869450 -104,159350 -34,236200
44,908350 -73,674250 -31,452600
52,092750 -134,899500 -22,358850
53,149050 -105,624300 -26,875600
52,504700 -75,511500 -22,856800
61,728350 -137,933500 -14,911700
62,685850 -106,251650 -19,739500
61,779850 -74,465100 -14,973950
41,374750 -29,016800 -0,744300
36,981500 -23,526500 23,119800
31,037800 -29,016800 46,349700
45,987450 -34,297350 11,282700
40,665300 -29,017300 37,041300
34,890700 -34,297350 62,613700
54,499000 -31,683150 22,688300
49,018550 -26,219300 50,776650
43,481500 -31,683150 78,841700
-31,118450 -29,016800 46,349700
-37,057200 -23,526500 23,119800
-41,444500 -29,016800 -0,744300
-34,932150 -34,297350 62,613750
-40,706400 -29,017300 37,041300
-46,027800 -34,297350 11,282700
-43,366800 -31,683150 78,841700
-48,907650 -26,219300 50,776650
-54,391900 -31,683150 22,688300
-20,795300 -131,760800 77,077000
-20,147550 -104,159350 81,010900
-21,530050 -73,674250 77,124900
-26,516950 -134,899500 96,790450
-25,646600 -105,624300 101,144300
-26,763150 -75,511500 96,776500
-35,843600 -137,933500 116,508650
-34,908650 -106,251650 121,316050
-35,874350 -74,465100 116,506900
27,257550 -166,534550 46,455500
32,157500 -170,938950 23,654900
37,057450 -166,534550 0,854350
33,804400 -173,459100 62,650950
39,270150 -178,370150 37,227400
44,735950 -173,459100 11,803900
43,345700 -180,383600 78,846350
48,844150 -185,801350 50,799900
54,342600 -180,383600 22,753450
-44,972900 -73,674250 -31,452600
-44,935500 -104,159350 -34,236200
-43,754250 -131,760800 -29,834050
-52,545050 -75,511500 -22,856800
-53,190100 -105,624300 -26,875600
-52,134200 -134,899500 -22,358850
-61,677850 -74,465100 -14,973950
-62,584650 -106,251650 -19,739500
-61,626500 -137,933500 -14,911750
21,441500 -73,674250 77,124900
20,056950 -104,159350 81,010900
20,705050 -131,760800 77,077000
26,720950 -75,511500 96,776500
25,603950 -105,624300 101,144300
26,474200 -134,899500 96,790450
35,994100 -74,465100 116,506900
35,029050 -106,251650 121,316100
35,963300 -137,933500 116,508650
-37,131850 -166,534550 0,854350
-32,236700 -170,938950 23,654900
-27,341500 -166,534550 46,455500
-44,777800 -173,459100 11,803900
-39,312300 -178,370150 37,227400
-33,846800 -173,459100 62,650950
-54,235650 -180,383600 22,753450
-48,733400 -185,801300 50,799900
-43,231150 -180,383600 78,846350
28,458300 218,848500 -66,673800
0,000000 218,848500 -71,552350
-28,458300 218,848500 -66,673800
30,168500 223,283000 -70,680500
0,000000 223,282950 -75,852200
-30,168500 223,283000 -70,680450
31,069000 232,049200 -72,790300
-0,000000 232,049200 -78,116400
-31,069000 232,049200 -72,790300
-67,489550 266,312600 -28,823150
-72,414050 266,354050 0,000000
-67,489550 266,312600 28,823150
-59,636200 288,642450 -25,587450
-63,889450 288,974200 0,000000
-59,636200 288,642500 25,587450
-48,942650 309,229550 -21,606850
-52,122600 310,314150 0,000000
-48,942650 309,229550 21,606850
-28,458300 218,848500 66,673800
0,000000 218,848550 71,552350
28,458300 218,848500 66,673800
-30,168500 223,283000 70,680450
0,000000 223,283000 75,852200
30,168500 223,283050 70,680450
-31,069000 232,049150 72,790300
0,000000 232,049200 78,116400
31,069000 232,049150 72,790300
-66,673800 218,848500 -28,458300
-71,552350 218,848500 0,000000
-66,673800 218,848500 28,458300
-70,680450 223,283050 -30,168500
-75,852200 223,283000 0,000000
-70,680450 223,283000 30,168500
-72,790300 232,049200 -31,069000
-78,116400 232,049150 -0,000000
-72,790300 232,049200 31,069000
66,673800 218,848500 28,458300
71,552350 218,848500 0,000000
66,673800 218,848500 -28,458300
70,680500 223,283000 30,168500
75,852200 223,279950 0,000000
70,680450 223,283000 -30,168500
72,790300 232,049200 31,069000
78,116400 232,049200 -0,000000
72,790300 232,049200 -31,069000
18,803850 334,753100 -18,803850
0,000000 337,998550 -19,389950
-18,803850 334,753150 -18,803850
19,389900 337,998550 0,000000
-0,000000 341,541100 -0,000000
-19,389900 337,998500 -0,000000
18,803850 334,753100 18,803850
-0,000000 337,998500 19,389900
-18,803850 334,753100 18,803850
-28,823150 266,312600 67,489550
0,000000 266,354100 72,414050
28,823150 266,312550 67,489600
-25,587450 288,642450 59,636200
-0,000000 288,974200 63,889450
25,587450 288,642450 59,636200
-21,606850 309,229600 48,942650
0,000000 310,314150 52,122600
21,606850 309,229550 48,942650
28,823150 266,312600 -67,489550
0,000000 266,354100 -72,414050
-28,823150 266,312550 -67,489600
25,587450 288,642450 -59,636200
0,000000 288,974200 -63,889450
-25,587450 288,642450 -59,636200
21,606850 309,229550 -48,942650
-0,000000 310,314150 -52,122600
-21,606850 309,229550 -48,942650
67,489550 266,312600 28,823150
72,414050 266,354100 0,000000
67,489600 266,312600 -28,823150
59,636200 288,642450 25,587450
63,889450 288,974200 -0,000000
59,636200 288,642450 -25,587450
48,942650 309,229600 21,606850
52,122600 310,314150 -0,000000
48,942650 309,229550 -21,606850
-76,176400 -141,757750 142,863900
-75,511450 -106,341250 148,255150
-76,176400 -70,924800 142,863900
-104,364950 -141,173200 145,384450
-104,261300 -106,341250 150,708950
-104,364950 -71,509350 145,384450
-130,879050 -138,369800 139,797500
-131,931350 -106,341250 144,545350
-130,879050 -74,312750 139,797550
96,802300 -141,757750 -4,424450
97,565400 -106,341250 -9,815700
96,802300 -70,924800 -4,424450
120,686500 -141,173200 0,422950
121,584050 -106,341250 -4,901600
120,686500 -71,509350 0,422950
142,972600 -138,369800 8,724350
144,518350 -106,341250 3,976550
142,972600 -74,312750 8,724350
-164,640500 -74,468600 102,740200
-169,804900 -72,756500 74,454850
-167,292050 -74,468650 46,169500
-168,555150 -106,341250 104,259600
-173,995100 -106,341250 74,454850
-171,054700 -106,341300 44,650050
-164,640550 -138,213900 102,740200
-169,804950 -139,926050 74,454850
-167,292000 -138,213900 46,169500
-90,208100 -189,325400 37,789400
-86,055150 -195,400400 69,219750
-81,804150 -189,325400 100,650050
-114,911100 -188,014400 41,992150
-112,113050 -194,014200 72,903700
-108,530200 -188,014400 103,815250
-138,086300 -180,189550 45,837250
-137,096900 -185,539500 74,260950
-133,541750 -180,189550 102,684650
-81,804150 -23,357150 100,650050
-86,055200 -17,282150 69,219750
-90,208100 -23,357150 37,789400
-108,530200 -24,668150 103,815250
-112,113000 -18,668350 72,903700
-114,911100 -24,668150 41,992150
-133,541750 -32,493000 102,684650
-137,096900 -27,143050 74,260950
-138,086300 -32,493000 45,837250
-95,835900 -70,924800 -4,424450
-96,599100 -106,341300 -9,815700
-95,835900 -141,757750 -4,424450
-119,076350 -71,509350 0,422950
-119,964750 -106,341300 -4,901600
-119,076300 -141,173200 0,422950
-140,749000 -74,312750 8,724350
-142,262450 -106,341300 3,976550
-140,749050 -138,369800 8,724350
170,291750 -74,468600 46,169500
172,905400 -72,756500 74,454850
167,645800 -74,468650 102,740200
174,152600 -106,341250 44,650050
177,202500 -106,341250 74,454850
171,658200 -106,341300 104,259650
170,291750 -138,213900 46,169500
172,905350 -139,926050 74,454850
167,645800 -138,213900 102,740200
77,175750 -70,924800 142,863950
76,513250 -106,341300 148,255150
77,175750 -141,757750 142,863950
106,003400 -71,509350 145,384450
106,010700 -106,341300 150,708950
106,003400 -141,173200 145,384450
133,122900 -74,312750 139,797550
134,208400 -106,341300 144,545350
133,122900 -138,369800 139,797500
91,175950 -23,357150 37,789400
118,729800 -42,628650 16,362000
140,583950 -48,299850 22,752150
140,583950 -164,382700 22,752150
118,729800 -170,053900 16,362000
94,605050 -171,105350 11,744900
79,272450 -171,105350 126,694550
107,155300 -170,053900 129,445400
132,504350 -164,382700 125,769800
132,504350 -48,299850 125,769800
107,155300 -42,628650 129,445400
79,272450 -41,577200 126,694550
-76,176400 -141,757750 142,863900
-75,511450 -106,341250 148,255150
-76,176400 -70,924800 142,863900
-104,364950 -141,173200 145,384450
-104,261300 -106,341250 150,708950
-104,364950 -71,509350 145,384450
2432
268 269 
269 272 
272 271 
271 268 
269 270 
270 273 
273 272 
272 269 
271 272 
272 275 
275 274 
274 271 
272 273 
273 276 
276 275 
275 272 
3 54 
54 268 
268 66 
66 3 
54 53 
53 269 
269 268 
268 54 
53 52 
52 270 
270 269 
269 53 
52 2 
2 58 
58 270 
270 52 
270 58 
58 59 
59 273 
273 270 
273 59 
59 60 
60 276 
276 273 
276 60 
60 6 
6 51 
51 276 
275 276 
276 51 
51 50 
50 275 
274 275 
275 50 
50 49 
49 274 
64 274 
274 49 
49 7 
7 64 
65 271 
271 274 
274 64 
64 65 
66 268 
268 271 
271 65 
65 66 
277 278 
278 281 
281 280 
280 277 
278 279 
279 282 
282 281 
281 278 
280 281 
281 284 
284 283 
283 280 
281 282 
282 285 
285 284 
284 281 
7 49 
49 277 
277 42 
42 7 
49 50 
50 278 
278 277 
277 49 
50 51 
51 279 
279 278 
278 50 
51 6 
6 67 
67 279 
279 51 
279 67 
67 68 
68 282 
282 279 
282 68 
68 69 
69 285 
285 282 
285 69 
69 4 
4 55 
55 285 
284 285 
285 55 
55 56 
56 284 
283 284 
284 56 
56 57 
57 283 
40 283 
283 57 
57 5 
5 40 
41 280 
280 283 
283 40 
40 41 
42 277 
277 280 
280 41 
41 42 
286 287 
287 290 
290 289 
289 286 
287 288 
288 291 
291 290 
290 287 
289 290 
290 293 
293 292 
292 289 
290 291 
291 294 
294 293 
293 290 
5 45 
45 286 
286 105 
105 5 
45 44 
44 287 
287 286 
286 45 
44 43 
43 288 
288 287 
287 44 
43 1 
1 100 
100 288 
288 43 
288 100 
100 101 
101 291 
291 288 
291 101 
101 102 
102 294 
294 291 
294 102 
102 8 
8 91 
91 294 
293 294 
294 91 
91 92 
92 293 
292 293 
293 92 
92 93 
93 292 
103 292 
292 93 
93 10 
10 103 
104 289 
289 292 
292 103 
103 104 
105 286 
286 289 
289 104 
104 105 
295 296 
296 299 
299 298 
298 295 
296 297 
297 300 
300 299 
299 296 
298 299 
299 302 
302 301 
301 298 
299 300 
300 303 
303 302 
302 299 
1 48 
48 295 
295 75 
75 1 
48 47 
47 296 
296 295 
295 48 
47 46 
46 297 
297 296 
296 47 
46 0 
0 61 
61 297 
297 46 
297 61 
61 62 
62 300 
300 297 
300 62 
62 63 
63 303 
303 300 
303 63 
63 2 
2 52 
52 303 
302 303 
303 52 
52 53 
53 302 
301 302 
302 53 
53 54 
54 301 
73 301 
301 54 
54 3 
3 73 
74 298 
298 301 
301 73 
73 74 
75 295 
295 298 
298 74 
74 75 
304 305 
305 308 
308 307 
307 304 
305 306 
306 309 
309 308 
308 305 
307 308 
308 311 
311 310 
310 307 
308 309 
309 312 
312 311 
311 308 
5 57 
57 304 
304 45 
45 5 
57 56 
56 305 
305 304 
304 57 
56 55 
55 306 
306 305 
305 56 
55 4 
4 70 
70 306 
306 55 
306 70 
70 71 
71 309 
309 306 
309 71 
71 72 
72 312 
312 309 
312 72 
72 0 
0 46 
46 312 
311 312 
312 46 
46 47 
47 311 
310 311 
311 47 
47 48 
48 310 
43 310 
310 48 
48 1 
1 43 
44 307 
307 310 
310 43 
43 44 
45 304 
304 307 
307 44 
44 45 
313 314 
314 317 
317 316 
316 313 
314 315 
315 318 
318 317 
317 314 
316 317 
317 320 
320 319 
319 316 
317 318 
318 321 
321 320 
320 317 
2 63 
63 313 
313 79 
79 2 
63 62 
62 314 
314 313 
313 63 
62 61 
61 315 
315 314 
314 62 
61 0 
0 84 
84 315 
315 61 
315 84 
84 83 
83 318 
318 315 
318 83 
83 82 
82 321 
321 318 
321 82 
82 12 
12 139 
139 321 
320 321 
321 139 
139 140 
140 320 
319 320 
320 140 
140 141 
141 319 
81 319 
319 141 
141 13 
13 81 
80 316 
316 319 
319 81 
81 80 
79 313 
313 316 
316 80 
80 79 
322 323 
323 326 
326 325 
325 322 
323 324 
324 327 
327 326 
326 323 
325 326 
326 329 
329 328 
328 325 
326 327 
327 330 
330 329 
329 326 
4 69 
69 322 
322 85 
85 4 
69 68 
68 323 
323 322 
322 69 
68 67 
67 324 
324 323 
323 68 
67 6 
6 78 
78 324 
324 67 
324 78 
78 77 
77 327 
327 324 
327 77 
77 76 
76 330 
330 327 
330 76 
76 15 
15 142 
142 330 
329 330 
330 142 
142 143 
143 329 
328 329 
329 143 
143 144 
144 328 
87 328 
328 144 
144 14 
14 87 
86 325 
325 328 
328 87 
87 86 
85 322 
322 325 
325 86 
86 85 
331 332 
332 335 
335 334 
334 331 
332 333 
333 336 
336 335 
335 332 
334 335 
335 338 
338 337 
337 334 
335 336 
336 339 
339 338 
338 335 
6 60 
60 331 
331 78 
78 6 
60 59 
59 332 
332 331 
331 60 
59 58 
58 333 
333 332 
332 59 
58 2 
2 79 
79 333 
333 58 
333 79 
79 80 
80 336 
336 333 
336 80 
80 81 
81 339 
339 336 
339 81 
81 13 
13 136 
136 339 
338 339 
339 136 
136 137 
137 338 
337 338 
338 137 
137 138 
138 337 
76 337 
337 138 
138 15 
15 76 
77 334 
334 337 
337 76 
76 77 
78 331 
331 334 
334 77 
77 78 
340 341 
341 344 
344 343 
343 340 
341 342 
342 345 
345 344 
344 341 
343 344 
344 347 
347 346 
346 343 
344 345 
345 348 
348 347 
347 344 
0 72 
72 340 
340 84 
84 0 
72 71 
71 341 
341 340 
340 72 
71 70 
70 342 
342 341 
341 71 
70 4 
4 85 
85 342 
342 70 
342 85 
85 86 
86 345 
345 342 
345 86 
86 87 
87 348 
348 345 
348 87 
87 14 
14 145 
145 348 
347 348 
348 145 
145 146 
146 347 
346 347 
347 146 
146 147 
147 346 
82 346 
346 147 
147 12 
12 82 
83 343 
343 346 
346 82 
82 83 
84 340 
340 343 
343 83 
83 84 
349 350 
350 353 
353 352 
352 349 
350 351 
351 354 
354 353 
353 350 
352 353 
353 356 
356 355 
355 352 
353 354 
354 357 
357 356 
356 353 
10 93 
93 349 
349 88 
88 10 
93 92 
92 350 
350 349 
349 93 
92 91 
91 351 
351 350 
350 92 
91 8 
8 99 
99 351 
351 91 
351 99 
99 98 
98 354 
354 351 
354 98 
98 97 
97 357 
357 354 
357 97 
97 9 
9 96 
96 357 
356 357 
357 96 
96 95 
95 356 
355 356 
356 95 
95 94 
94 355 
90 355 
355 94 
94 11 
11 90 
89 352 
352 355 
355 90 
90 89 
88 349 
349 352 
352 89 
89 88 
358 359 
359 362 
362 361 
361 358 
359 360 
360 363 
363 362 
362 359 
361 362 
362 365 
365 364 
364 361 
362 363 
363 366 
366 365 
365 362 
3 66 
66 358 
358 111 
111 3 
66 65 
65 359 
359 358 
358 66 
65 64 
64 360 
360 359 
359 65 
64 7 
7 106 
106 360 
360 64 
360 106 
106 107 
107 363 
363 360 
363 107 
107 108 
108 366 
366 363 
366 108 
108 11 
11 94 
94 366 
365 366 
366 94 
94 95 
95 365 
364 365 
365 95 
95 96 
96 364 
109 364 
364 96 
96 9 
9 109 
110 361 
361 364 
364 109 
109 110 
111 358 
358 361 
361 110 
110 111 
367 368 
368 371 
371 370 
370 367 
368 369 
369 372 
372 371 
371 368 
370 371 
371 374 
374 373 
373 370 
371 372 
372 375 
375 374 
374 371 
8 102 
102 367 
367 118 
118 8 
102 101 
101 368 
368 367 
367 102 
101 100 
100 369 
369 368 
368 101 
100 1 
1 114 
114 369 
369 100 
369 114 
114 113 
113 372 
372 369 
372 113 
113 112 
112 375 
375 372 
375 112 
112 27 
27 208 
208 375 
374 375 
375 208 
208 209 
209 374 
373 374 
374 209 
209 210 
210 373 
120 373 
373 210 
210 31 
31 120 
119 370 
370 373 
373 120 
120 119 
118 367 
367 370 
370 119 
119 118 
376 377 
377 380 
380 379 
379 376 
377 378 
378 381 
381 380 
380 377 
379 380 
380 383 
383 382 
382 379 
380 381 
381 384 
384 383 
383 380 
1 75 
75 376 
376 114 
114 1 
75 74 
74 377 
377 376 
376 75 
74 73 
73 378 
378 377 
377 74 
73 3 
3 126 
126 378 
378 73 
378 126 
126 125 
125 381 
381 378 
381 125 
125 124 
124 384 
384 381 
384 124 
124 26 
26 199 
199 384 
383 384 
384 199 
199 200 
200 383 
382 383 
383 200 
200 201 
201 382 
112 382 
382 201 
201 27 
27 112 
113 379 
379 382 
382 112 
112 113 
114 376 
376 379 
379 113 
113 114 
385 386 
386 389 
389 388 
388 385 
386 387 
387 390 
390 389 
389 386 
388 389 
389 392 
392 391 
391 388 
389 390 
390 393 
393 392 
392 389 
7 42 
42 385 
385 115 
115 7 
42 41 
41 386 
386 385 
385 42 
41 40 
40 387 
387 386 
386 41 
40 5 
5 123 
123 387 
387 40 
387 123 
123 122 
122 390 
390 387 
390 122 
122 121 
121 393 
393 390 
393 121 
121 24 
24 196 
196 393 
392 393 
393 196 
196 197 
197 392 
391 392 
392 197 
197 198 
198 391 
117 391 
391 198 
198 25 
25 117 
116 388 
388 391 
391 117 
117 116 
115 385 
385 388 
388 116 
116 115 
394 395 
395 398 
398 397 
397 394 
395 396 
396 399 
399 398 
398 395 
397 398 
398 401 
401 400 
400 397 
398 399 
399 402 
402 401 
401 398 
11 108 
108 394 
394 133 
133 11 
108 107 
107 395 
395 394 
394 108 
107 106 
106 396 
396 395 
395 107 
106 7 
7 115 
115 396 
396 106 
396 115 
115 116 
116 399 
399 396 
399 116 
116 117 
117 402 
402 399 
402 117 
117 25 
25 214 
214 402 
401 402 
402 214 
214 215 
215 401 
400 401 
401 215 
215 216 
216 400 
135 400 
400 216 
216 29 
29 135 
134 397 
397 400 
400 135 
135 134 
133 394 
394 397 
397 134 
134 133 
403 404 
404 407 
407 406 
406 403 
404 405 
405 408 
408 407 
407 404 
406 407 
407 410 
410 409 
409 406 
407 408 
408 411 
411 410 
410 407 
9 97 
97 403 
403 127 
127 9 
97 98 
98 404 
404 403 
403 97 
98 99 
99 405 
405 404 
404 98 
99 8 
8 118 
118 405 
405 99 
405 118 
118 119 
119 408 
408 405 
408 119 
119 120 
120 411 
411 408 
411 120 
120 31 
31 207 
207 411 
410 411 
411 207 
207 206 
206 410 
409 410 
410 206 
206 205 
205 409 
129 409 
409 205 
205 30 
30 129 
128 406 
406 409 
409 129 
129 128 
127 403 
403 406 
406 128 
128 127 
412 413 
413 416 
416 415 
415 412 
413 414 
414 417 
417 416 
416 413 
415 416 
416 419 
419 418 
418 415 
416 417 
417 420 
420 419 
419 416 
5 105 
105 412 
412 123 
123 5 
105 104 
104 413 
413 412 
412 105 
104 103 
103 414 
414 413 
413 104 
103 10 
10 132 
132 414 
414 103 
414 132 
132 131 
131 417 
417 414 
417 131 
131 130 
130 420 
420 417 
420 130 
130 28 
28 211 
211 420 
419 420 
420 211 
211 212 
212 419 
418 419 
419 212 
212 213 
213 418 
121 418 
418 213 
213 24 
24 121 
122 415 
415 418 
418 121 
121 122 
123 412 
412 415 
415 122 
122 123 
421 422 
422 425 
425 424 
424 421 
422 423 
423 426 
426 425 
425 422 
424 425 
425 428 
428 427 
427 424 
425 426 
426 429 
429 428 
428 425 
3 111 
111 421 
421 126 
126 3 
111 110 
110 422 
422 421 
421 111 
110 109 
109 423 
423 422 
422 110 
109 9 
9 127 
127 423 
423 109 
423 127 
127 128 
128 426 
426 423 
426 128 
128 129 
129 429 
429 426 
429 129 
129 30 
30 217 
217 429 
428 429 
429 217 
217 218 
218 428 
427 428 
428 218 
218 219 
219 427 
124 427 
427 219 
219 26 
26 124 
125 424 
424 427 
427 124 
124 125 
126 421 
421 424 
424 125 
125 126 
430 431 
431 434 
434 433 
433 430 
431 432 
432 435 
435 434 
434 431 
433 434 
434 437 
437 436 
436 433 
434 435 
435 438 
438 437 
437 434 
10 88 
88 430 
430 132 
132 10 
88 89 
89 431 
431 430 
430 88 
89 90 
90 432 
432 431 
431 89 
90 11 
11 133 
133 432 
432 90 
432 133 
133 134 
134 435 
435 432 
435 134 
134 135 
135 438 
438 435 
438 135 
135 29 
29 204 
204 438 
437 438 
438 204 
204 203 
203 437 
436 437 
437 203 
203 202 
202 436 
130 436 
436 202 
202 28 
28 130 
131 433 
433 436 
436 130 
130 131 
132 430 
430 433 
433 131 
131 132 
439 440 
440 443 
443 442 
442 439 
440 441 
441 444 
444 443 
443 440 
442 443 
443 446 
446 445 
445 442 
443 444 
444 447 
447 446 
446 443 
12 147 
147 439 
439 165 
165 12 
147 146 
146 440 
440 439 
439 147 
146 145 
145 441 
441 440 
440 146 
145 14 
14 160 
160 441 
441 145 
441 160 
160 161 
161 444 
444 441 
444 161 
161 162 
162 447 
447 444 
447 162 
162 18 
18 157 
157 447 
446 447 
447 157 
157 158 
158 446 
445 446 
446 158 
158 159 
159 445 
163 445 
445 159 
159 16 
16 163 
164 442 
442 445 
445 163 
163 164 
165 439 
439 442 
442 164 
164 165 
448 449 
449 452 
452 451 
451 448 
449 450 
450 453 
453 452 
452 449 
451 452 
452 455 
455 454 
454 451 
452 453 
453 456 
456 455 
455 452 
18 156 
156 448 
448 189 
189 18 
156 155 
155 449 
449 448 
448 156 
155 154 
154 450 
450 449 
449 155 
154 19 
19 184 
184 450 
450 154 
450 184 
184 185 
185 453 
453 450 
453 185 
185 186 
186 456 
456 453 
456 186 
186 23 
23 178 
178 456 
455 456 
456 178 
178 179 
179 455 
454 455 
455 179 
179 180 
180 454 
187 454 
454 180 
180 22 
22 187 
188 451 
451 454 
454 187 
187 188 
189 448 
448 451 
451 188 
188 189 
457 458 
458 461 
461 460 
460 457 
458 459 
459 462 
462 461 
461 458 
460 461 
461 464 
464 463 
463 460 
461 462 
462 465 
465 464 
464 461 
15 138 
138 457 
457 171 
171 15 
138 137 
137 458 
458 457 
457 138 
137 136 
136 459 
459 458 
458 137 
136 13 
13 166 
166 459 
459 136 
459 166 
166 167 
167 462 
462 459 
462 167 
167 168 
168 465 
465 462 
465 168 
168 17 
17 148 
148 465 
464 465 
465 148 
148 149 
149 464 
463 464 
464 149 
149 150 
150 463 
169 463 
463 150 
150 19 
19 169 
170 460 
460 463 
463 169 
169 170 
171 457 
457 460 
460 170 
170 171 
466 467 
467 470 
470 469 
469 466 
467 468 
468 471 
471 470 
470 467 
469 470 
470 473 
473 472 
472 469 
470 471 
471 474 
474 473 
473 470 
14 144 
144 466 
466 160 
160 14 
144 143 
143 467 
467 466 
466 144 
143 142 
142 468 
468 467 
467 143 
142 15 
15 171 
171 468 
468 142 
468 171 
171 170 
170 471 
471 468 
471 170 
170 169 
169 474 
474 471 
474 169 
169 19 
19 154 
154 474 
473 474 
474 154 
154 155 
155 473 
472 473 
473 155 
155 156 
156 472 
162 472 
472 156 
156 18 
18 162 
161 469 
469 472 
472 162 
162 161 
160 466 
466 469 
469 161 
161 160 
475 476 
476 479 
479 478 
478 475 
476 477 
477 480 
480 479 
479 476 
478 479 
479 482 
482 481 
481 478 
479 480 
480 483 
483 482 
482 479 
13 141 
141 475 
475 166 
166 13 
141 140 
140 476 
476 475 
475 141 
140 139 
139 477 
477 476 
476 140 
139 12 
12 165 
165 477 
477 139 
477 165 
165 164 
164 480 
480 477 
480 164 
164 163 
163 483 
483 480 
483 163 
163 16 
16 151 
151 483 
482 483 
483 151 
151 152 
152 482 
481 482 
482 152 
152 153 
153 481 
168 481 
481 153 
153 17 
17 168 
167 478 
478 481 
481 168 
168 167 
166 475 
475 478 
478 167 
167 166 
484 485 
485 488 
488 487 
487 484 
485 486 
486 489 
489 488 
488 485 
487 488 
488 491 
491 490 
490 487 
488 489 
489 492 
492 491 
491 488 
20 183 
183 484 
484 175 
175 20 
183 182 
182 485 
485 484 
484 183 
182 181 
181 486 
486 485 
485 182 
181 22 
22 180 
180 486 
486 181 
486 180 
180 179 
179 489 
489 486 
489 179 
179 178 
178 492 
492 489 
492 178 
178 23 
23 174 
174 492 
491 492 
492 174 
174 173 
173 491 
490 491 
491 173 
173 172 
172 490 
177 490 
490 172 
172 21 
21 177 
176 487 
487 490 
490 177 
177 176 
175 484 
484 487 
487 176 
176 175 
493 494 
494 497 
497 496 
496 493 
494 495 
495 498 
498 497 
497 494 
496 497 
497 500 
500 499 
499 496 
497 498 
498 501 
501 500 
500 497 
19 150 
150 493 
493 184 
184 19 
150 149 
149 494 
494 493 
493 150 
149 148 
148 495 
495 494 
494 149 
148 17 
17 190 
190 495 
495 148 
495 190 
190 191 
191 498 
498 495 
498 191 
191 192 
192 501 
501 498 
501 192 
192 21 
21 172 
172 501 
500 501 
501 172 
172 173 
173 500 
499 500 
500 173 
173 174 
174 499 
186 499 
499 174 
174 23 
23 186 
185 496 
496 499 
499 186 
186 185 
184 493 
493 496 
496 185 
185 184 
502 503 
503 506 
506 505 
505 502 
503 504 
504 507 
507 506 
506 503 
505 506 
506 509 
509 508 
508 505 
506 507 
507 510 
510 509 
509 506 
16 159 
159 502 
502 195 
195 16 
159 158 
158 503 
503 502 
502 159 
158 157 
157 504 
504 503 
503 158 
157 18 
18 189 
189 504 
504 157 
504 189 
189 188 
188 507 
507 504 
507 188 
188 187 
187 510 
510 507 
510 187 
187 22 
22 181 
181 510 
509 510 
510 181 
181 182 
182 509 
508 509 
509 182 
182 183 
183 508 
193 508 
508 183 
183 20 
20 193 
194 505 
505 508 
508 193 
193 194 
195 502 
502 505 
505 194 
194 195 
511 512 
512 515 
515 514 
514 511 
512 513 
513 516 
516 515 
515 512 
514 515 
515 518 
518 517 
517 514 
515 516 
516 519 
519 518 
518 515 
17 153 
153 511 
511 190 
190 17 
153 152 
152 512 
512 511 
511 153 
152 151 
151 513 
513 512 
512 152 
151 16 
16 195 
195 513 
513 151 
513 195 
195 194 
194 516 
516 513 
516 194 
194 193 
193 519 
519 516 
519 193 
193 20 
20 175 
175 519 
518 519 
519 175 
175 176 
176 518 
517 518 
518 176 
176 177 
177 517 
192 517 
517 177 
177 21 
21 192 
191 514 
514 517 
517 192 
192 191 
190 511 
511 514 
514 191 
191 190 
520 521 
521 524 
524 523 
523 520 
521 522 
522 525 
525 524 
524 521 
523 524 
524 527 
527 526 
526 523 
524 525 
525 528 
528 527 
527 524 
29 216 
216 520 
520 237 
237 29 
216 215 
215 521 
521 520 
520 216 
215 214 
214 522 
522 521 
521 215 
214 25 
25 232 
232 522 
522 214 
522 232 
232 233 
233 525 
525 522 
525 233 
233 234 
234 528 
528 525 
528 234 
234 33 
33 229 
229 528 
527 528 
528 229 
229 230 
230 527 
526 527 
527 230 
230 231 
231 526 
235 526 
526 231 
231 35 
35 235 
236 523 
523 526 
526 235 
235 236 
237 520 
520 523 
523 236 
236 237 
529 530 
530 533 
533 532 
532 529 
530 531 
531 534 
534 533 
533 530 
532 533 
533 536 
536 535 
535 532 
533 534 
534 537 
537 536 
536 533 
31 210 
210 529 
529 261 
261 31 
210 209 
209 530 
530 529 
529 210 
209 208 
208 531 
531 530 
530 209 
208 27 
27 256 
256 531 
531 208 
531 256 
256 257 
257 534 
534 531 
534 257 
257 258 
258 537 
537 534 
537 258 
258 37 
37 250 
250 537 
536 537 
537 250 
250 251 
251 536 
535 536 
536 251 
251 252 
252 535 
259 535 
535 252 
252 39 
39 259 
260 532 
532 535 
535 259 
259 260 
261 529 
529 532 
532 260 
260 261 
538 539 
539 542 
542 541 
541 538 
539 540 
540 543 
543 542 
542 539 
541 542 
542 545 
545 544 
544 541 
542 543 
543 546 
546 545 
545 542 
33 222 
222 538 
538 229 
229 33 
222 221 
221 539 
539 538 
538 222 
221 220 
220 540 
540 539 
539 221 
220 32 
32 228 
228 540 
540 220 
540 228 
228 227 
227 543 
543 540 
543 227 
227 226 
226 546 
546 543 
546 226 
226 34 
34 223 
223 546 
545 546 
546 223 
223 224 
224 545 
544 545 
545 224 
224 225 
225 544 
231 544 
544 225 
225 35 
35 231 
230 541 
541 544 
544 231 
231 230 
229 538 
538 541 
541 230 
230 229 
547 548 
548 551 
551 550 
550 547 
548 549 
549 552 
552 551 
551 548 
550 551 
551 554 
554 553 
553 550 
551 552 
552 555 
555 554 
554 551 
28 202 
202 547 
547 240 
240 28 
202 203 
203 548 
548 547 
547 202 
203 204 
204 549 
549 548 
548 203 
204 29 
29 237 
237 549 
549 204 
549 237 
237 236 
236 552 
552 549 
552 236 
236 235 
235 555 
555 552 
555 235 
235 35 
35 225 
225 555 
554 555 
555 225 
225 224 
224 554 
553 554 
554 224 
224 223 
223 553 
238 553 
553 223 
223 34 
34 238 
239 550 
550 553 
553 238 
238 239 
240 547 
547 550 
550 239 
239 240 
556 557 
557 560 
560 559 
559 556 
557 558 
558 561 
561 560 
560 557 
559 560 
560 563 
563 562 
562 559 
560 561 
561 564 
564 563 
563 560 
25 198 
198 556 
556 232 
232 25 
198 197 
197 557 
557 556 
556 198 
197 196 
196 558 
558 557 
557 197 
196 24 
24 241 
241 558 
558 196 
558 241 
241 242 
242 561 
561 558 
561 242 
242 243 
243 564 
564 561 
564 243 
243 32 
32 220 
220 564 
563 564 
564 220 
220 221 
221 563 
562 563 
563 221 
221 222 
222 562 
234 562 
562 222 
222 33 
33 234 
233 559 
559 562 
562 234 
234 233 
232 556 
556 559 
559 233 
233 232 
565 566 
566 569 
569 568 
568 565 
566 567 
567 570 
570 569 
569 566 
568 569 
569 572 
572 571 
571 568 
569 570 
570 573 
573 572 
572 569 
24 213 
213 565 
565 241 
241 24 
213 212 
212 566 
566 565 
565 213 
212 211 
211 567 
567 566 
566 212 
211 28 
28 240 
240 567 
567 211 
567 240 
240 239 
239 570 
570 567 
570 239 
239 238 
238 573 
573 570 
573 238 
238 34 
34 226 
226 573 
572 573 
573 226 
226 227 
227 572 
571 572 
572 227 
227 228 
228 571 
243 571 
571 228 
228 32 
32 243 
242 568 
568 571 
571 243 
243 242 
241 565 
565 568 
568 242 
242 241 
574 575 
575 578 
578 577 
577 574 
575 576 
576 579 
579 578 
578 575 
577 578 
578 581 
581 580 
580 577 
578 579 
579 582 
582 581 
581 578 
37 246 
246 574 
574 250 
250 37 
246 245 
245 575 
575 574 
574 246 
245 244 
244 576 
576 575 
575 245 
244 36 
36 255 
255 576 
576 244 
576 255 
255 254 
254 579 
579 576 
579 254 
254 253 
253 582 
582 579 
582 253 
253 38 
38 247 
247 582 
581 582 
582 247 
247 248 
248 581 
580 581 
581 248 
248 249 
249 580 
252 580 
580 249 
249 39 
39 252 
251 577 
577 580 
580 252 
252 251 
250 574 
574 577 
577 251 
251 250 
583 584 
584 587 
587 586 
586 583 
584 585 
585 588 
588 587 
587 584 
586 587 
587 590 
590 589 
589 586 
587 588 
588 591 
591 590 
590 587 
26 219 
219 583 
583 267 
267 26 
219 218 
218 584 
584 583 
583 219 
218 217 
217 585 
585 584 
584 218 
217 30 
30 262 
262 585 
585 217 
585 262 
262 263 
263 588 
588 585 
588 263 
263 264 
264 591 
591 588 
591 264 
264 38 
38 253 
253 591 
590 591 
591 253 
253 254 
254 590 
589 590 
590 254 
254 255 
255 589 
265 589 
589 255 
255 36 
36 265 
266 586 
586 589 
589 265 
265 266 
267 583 
583 586 
586 266 
266 267 
592 593 
593 596 
596 595 
595 592 
593 594 
594 597 
597 596 
596 593 
595 596 
596 599 
599 598 
598 595 
596 597 
597 600 
600 599 
599 596 
27 201 
201 592 
592 256 
256 27 
201 200 
200 593 
593 592 
592 201 
200 199 
199 594 
594 593 
593 200 
199 26 
26 267 
267 594 
594 199 
594 267 
267 266 
266 597 
597 594 
597 266 
266 265 
265 600 
600 597 
600 265 
265 36 
36 244 
244 600 
599 600 
600 244 
244 245 
245 599 
598 599 
599 245 
245 246 
246 598 
258 598 
598 246 
246 37 
37 258 
257 595 
595 598 
598 258 
258 257 
256 592 
592 595 
595 257 
257 256 
601 602 
602 605 
605 604 
604 601 
602 603 
603 606 
606 605 
605 602 
604 605 
605 608 
608 607 
607 604 
605 606 
606 609 
609 608 
608 605 
30 205 
205 601 
601 262 
262 30 
205 206 
206 602 
602 601 
601 205 
206 207 
207 603 
603 602 
602 206 
207 31 
31 261 
261 603 
603 207 
603 261 
261 260 
260 606 
606 603 
606 260 
260 259 
259 609 
609 606 
609 259 
259 39 
39 249 
249 609 
608 609 
609 249 
249 248 
248 608 
607 608 
608 248 
248 247 
247 607 
264 607 
607 247 
247 38 
38 264 
263 604 
604 607 
607 264 
264 263 
262 601 
601 604 
604 263 
263 262 
